16460305 16205154 15954215 15707690 15465790 15228736 14996757 14770093 14548992 14333710 14124516 13921682 13725491 13536232 13354199 13179692 13013014 12854468 12704361 12562993 12430664 12307664 12194277 12090772 11997406 11914416 11842021 11780416 11729772 11690230 11661904 11644875 11644875 11661904 11690230 11729772 11780416 11842021 11914416 11997406 12090772 12194277 12307664 12430664 12562993 12704361 12854468 13013014 13179692 13354199 13536232 13725491 13921682 14124516 14333710 14548992 14770093 14996757 15228736 15465790 15707690 15954215 16205154 16460305 
16205154 15945920 15690836 15440107 15193947 14952584 14716253 14485200 14259682 14039965 13826327 13619053 13418438 13224785 13038405 12859613 12688731 12526082 12371990 12226781 12090772 11964279 11847606 11741045 11644875 11559354 11484722 11421190 11368945 11328144 11298910 11281333 11281333 11298910 11328144 11368945 11421190 11484722 11559354 11644875 11741045 11847606 11964279 12090772 12226781 12371990 12526082 12688731 12859613 13038405 13224785 13418438 13619053 13826327 14039965 14259682 14485200 14716253 14952584 15193947 15440107 15690836 15945920 16205154 
15954215 15690836 15431536 15176523 14926017 14680250 14439462 14203907 13973850 13749567 13531344 13319481 13114284 12916071 12725170 12541914 12366643 12199700 12041433 11892188 11752307 11622131 11501988 11392195 11293054 11204849 11127839 11062257 11008309 10966167 10935965 10917804 10917804 10935965 10966167 11008309 11062257 11127839 11204849 11293054 11392195 11501988 11622131 11752307 11892188 12041433 12199700 12366643 12541914 12725170 12916071 13114284 13319481 13531344 13749567 13973850 14203907 14439462 14680250 14926017 15176523 15431536 15690836 15954215 
15707690 15440107 15176523 14917151 14662215 14411949 14166602 13926433 13691714 13462731 13239782 13023176 12813235 12610292 12414689 12226781 12046925 11875489 11712842 11559354 11415397 11281333 11157521 11044304 10942012 10850953 10771413 10703649 10647884 10604309 10573073 10554288 10554288 10573073 10604309 10647884 10703649 10771413 10850953 10942012 11044304 11157521 11281333 11415397 11559354 11712842 11875489 12046925 12226781 12414689 12610292 12813235 13023176 13239782 13462731 13691714 13926433 14166602 14411949 14662215 14917151 15176523 15440107 15707690 
15465790 15193947 14926017 14662215 14402767 14147912 13897905 13653010 13413507 13179692 12951871 12730368 12515516 12307664 12107174 11914416 11729772 11553631 11386387 11228438 11080182 10942012 10814315 10697467 10591826 10497730 10415493 10345397 10287690 10242583 10210241 10190787 10190787 10210241 10242583 10287690 10345397 10415493 10497730 10591826 10697467 10814315 10942012 11080182 11228438 11386387 11553631 11729772 11914416 12107174 12307664 12515516 12730368 12951871 13179692 13413507 13653010 13897905 14147912 14402767 14662215 14926017 15193947 15465790 
15228736 14952584 14680250 14411949 14147912 13888382 13633616 13383886 13139479 12900698 12667861 12441302 12221369 12008428 11802855 11605044 11415397 11234328 11062257 10899613 10746821 10604309 10472495 10351789 10242583 10145249 10060130 9987541 9927754 9881004 9847475 9827302 9827302 9847475 9881004 9927754 9987541 10060130 10145249 10242583 10351789 10472495 10604309 10746821 10899613 11062257 11234328 11415397 11605044 11802855 12008428 12221369 12441302 12667861 12900698 13139479 13383886 13633616 13888382 14147912 14411949 14680250 14952584 15228736 
14996757 14716253 14439462 14166602 13897905 13633616 13373998 13119327 12869897 12626018 12388020 12156246 11931060 11712842 11501988 11298910 11104036 10917804 10740664 10573073 10415493 10268383 10132200 10007390 9894384 9793589 9705388 9630124 9568105 9519589 9484782 9463836 9463836 9484782 9519589 9568105 9630124 9705388 9793589 9894384 10007390 10132200 10268383 10415493 10573073 10740664 10917804 11104036 11298910 11501988 11712842 11931060 12156246 12388020 12626018 12869897 13119327 13373998 13633616 13897905 14166602 14439462 14716253 14996757 
14770093 14485200 14203907 13926433 13653010 13383886 13119327 12859613 12605045 12355940 12112636 11875489 11644875 11421190 11204849 10996285 10795950 10604309 10421842 10249039 10086397 9934415 9793589 9664408 9547342 9442845 9351335 9273199 9208776 9158356 9122171 9100391 9100391 9122171 9158356 9208776 9273199 9351335 9442845 9547342 9664408 9793589 9934415 10086397 10249039 10421842 10604309 10795950 10996285 11204849 11421190 11644875 11875489 12112636 12355940 12605045 12859613 13119327 13383886 13653010 13926433 14203907 14485200 14770093 
14548992 14259682 13973850 13691714 13413507 13139479 12869897 12605045 12345229 12090772 11842021 11599342 11363126 11133781 10911744 10697467 10491427 10294118 10106052 9927754 9759760 9602610 9456844 9322998 9201590 9093120 8998054 8916823 8849806 8797329 8759653 8736969 8736969 8759653 8797329 8849806 8916823 8998054 9093120 9201590 9322998 9456844 9602610 9759760 9927754 10106052 10294118 10491427 10697467 10911744 11133781 11363126 11599342 11842021 12090772 12345229 12605045 12869897 13139479 13413507 13691714 13973850 14259682 14548992 
14333710 14039965 13749567 13462731 13179692 12900698 12626018 12355940 12090772 11830844 11576509 11328144 11086150 10850953 10623006 10402783 10190787 9987541 9793589 9609496 9435837 9273199 9122171 8983339 8857277 8744537 8645639 8561065 8491240 8436533 8397239 8373573 8373573 8397239 8436533 8491240 8561065 8645639 8744537 8857277 8983339 9122171 9273199 9435837 9609496 9793589 9987541 10190787 10402783 10623006 10850953 11086150 11328144 11576509 11830844 12090772 12355940 12626018 12900698 13179692 13462731 13749567 14039965 14333710 
14124516 13826327 13531344 13239782 12951871 12667861 12388020 12112636 11842021 11576509 11316459 11062257 10814315 10573073 10339001 10112596 9894384 9684919 9484782 9294574 9114917 8946447 8789806 8645639 8514579 8397239 8294201 8206005 8133133 8076001 8034943 8010207 8010207 8034943 8076001 8133133 8206005 8294201 8397239 8514579 8645639 8789806 8946447 9114917 9294574 9484782 9684919 9894384 10112596 10339001 10573073 10814315 11062257 11316459 11576509 11842021 12112636 12388020 12667861 12951871 13239782 13531344 13826327 14124516 
13921682 13619053 13319481 13023176 12730368 12441302 12156246 11875489 11599342 11328144 11062257 10802075 10548019 10300542 10060130 9827302 9602610 9386637 9179998 8983339 8797329 8622656 8460023 8310136 8173698 8051391 7943869 7851739 7775548 7715768 7672783 7646876 7646876 7672783 7715768 7775548 7851739 7943869 8051391 8173698 8310136 8460023 8622656 8797329 8983339 9179998 9386637 9602610 9827302 10060130 10300542 10548019 10802075 11062257 11328144 11599342 11875489 12156246 12441302 12730368 13023176 13319481 13619053 13921682 
13725491 13418438 13114284 12813235 12515516 12221369 11931060 11644875 11363126 11086150 10814315 10548019 10287690 10033795 9786833 9547342 9315900 9093120 8879654 8676189 8483447 8302172 8133133 7977107 7834871 7707190 7594796 7498378 7418559 7355878 7310778 7283583 7283583 7310778 7355878 7418559 7498378 7594796 7707190 7834871 7977107 8133133 8302172 8483447 8676189 8879654 9093120 9315900 9547342 9786833 10033795 10287690 10548019 10814315 11086150 11363126 11644875 11931060 12221369 12515516 12813235 13114284 13418438 13725491 
13536232 13224785 12916071 12610292 12307664 12008428 11712842 11421190 11133781 10850953 10573073 10300542 10033795 9773306 9519589 9273199 9034736 8804845 8584213 8373573 8173698 7985395 7809502 7646876 7498378 7364865 7247165 7146058 7062258 6996386 6948952 6920336 6920336 6948952 6996386 7062258 7146058 7247165 7364865 7498378 7646876 7809502 7985395 8173698 8373573 8584213 8804845 9034736 9273199 9519589 9773306 10033795 10300542 10573073 10850953 11133781 11421190 11712842 12008428 12307664 12610292 12916071 13224785 13536232 
13354199 13038405 12725170 12414689 12107174 11802855 11501988 11204849 10911744 10623006 10339001 10060130 9786833 9519589 9258921 9005402 8759653 8522344 8294201 8076001 7868570 7672783 7489552 7319820 7164547 7024692 6901192 6794940 6706753 6637354 6587336 6557142 6557142 6587336 6637354 6706753 6794940 6901192 7024692 7164547 7319820 7489552 7672783 7868570 8076001 8294201 8522344 8759653 9005402 9258921 9519589 9786833 10060130 10339001 10623006 10911744 11204849 11501988 11802855 12107174 12414689 12725170 13038405 13354199 
13179692 12859613 12541914 12226781 11914416 11605044 11298910 10996285 10697467 10402783 10112596 9827302 9547342 9273199 9005402 8744537 8491240 8246211 8010207 7784050 7568622 7364865 7173774 6996386 6833768 6686999 6557142 6445219 6352180 6278863 6225965 6194010 6194010 6225965 6278863 6352180 6445219 6557142 6686999 6833768 6996386 7173774 7364865 7568622 7784050 8010207 8246211 8491240 8744537 9005402 9273199 9547342 9827302 10112596 10402783 10697467 10996285 11298910 11605044 11914416 12226781 12541914 12859613 13179692 
13013014 12688731 12366643 12046925 11729772 11415397 11104036 10795950 10491427 10190787 9894384 9602610 9315900 9034736 8759653 8491240 8230152 7977107 7732895 7498378 7274496 7062258 6862745 6677099 6506507 6352180 6215332 6097138 5998703 5921010 5864886 5830952 5830952 5864886 5921010 5998703 6097138 6215332 6352180 6506507 6677099 6862745 7062258 7274496 7498378 7732895 7977107 8230152 8491240 8759653 9034736 9315900 9602610 9894384 10190787 10491427 10795950 11104036 11415397 11729772 12046925 12366643 12688731 13013014 
12854468 12526082 12199700 11875489 11553631 11234328 10917804 10604309 10294118 9987541 9684919 9386637 9093120 8804845 8522344 8246211 7977107 7715768 7463008 7219731 6986925 6765672 6557142 6362585 6183321 6020716 5876153 5750994 5646527 5563919 5504154 5467982 5467982 5504154 5563919 5646527 5750994 5876153 6020716 6183321 6362585 6557142 6765672 6986925 7219731 7463008 7715768 7977107 8246211 8522344 8804845 9093120 9386637 9684919 9987541 10294118 10604309 10917804 11234328 11553631 11875489 12199700 12526082 12854468 
12704361 12371990 12041433 11712842 11386387 11062257 10740664 10421842 10106052 9793589 9484782 9179998 8879654 8584213 8294201 8010207 7732895 7463008 7201383 6948952 6706753 6475935 6257758 6053587 5864886 5693193 5540091 5407157 5295913 5207746 5143845 5105120 5105120 5143845 5207746 5295913 5407157 5540091 5693193 5864886 6053587 6257758 6475935 6706753 6948952 7201383 7463008 7732895 8010207 8294201 8584213 8879654 9179998 9484782 9793589 10106052 10421842 10740664 11062257 11386387 11712842 12041433 12371990 12704361 
12562993 12226781 11892188 11559354 11228438 10899613 10573073 10249039 9927754 9609496 9294574 8983339 8676189 8373573 8076001 7784050 7498378 7219731 6948952 6686999 6434948 6194010 5965530 5750994 5552018 5370332 5207746 5066100 4947192 4852694 4784052 4742391 4742391 4784052 4852694 4947192 5066100 5207746 5370332 5552018 5750994 5965530 6194010 6434948 6686999 6948952 7219731 7498378 7784050 8076001 8373573 8676189 8983339 9294574 9609496 9927754 10249039 10573073 10899613 11228438 11559354 11892188 12226781 12562993 
12430664 12090772 11752307 11415397 11080182 10746821 10415493 10086397 9759760 9435837 9114917 8797329 8483447 8173698 7868570 7568622 7274496 6986925 6706753 6434948 6172614 5921010 5681563 5455872 5245713 5053026 4879880 4728422 4600795 4499027 4424903 4379826 4379826 4424903 4499027 4600795 4728422 4879880 5053026 5245713 5455872 5681563 5921010 6172614 6434948 6706753 6986925 7274496 7568622 7868570 8173698 8483447 8797329 9114917 9435837 9759760 10086397 10415493 10746821 11080182 11415397 11752307 12090772 12430664 
12307664 11964279 11622131 11281333 10942012 10604309 10268383 9934415 9602610 9273199 8946447 8622656 8302172 7985395 7672783 7364865 7062258 6765672 6475935 6194010 5921010 5658229 5407157 5169500 4947192 4742391 4557458 4394903 4257289 4147100 4066566 4017471 4017471 4066566 4147100 4257289 4394903 4557458 4742391 4947192 5169500 5407157 5658229 5921010 6194010 6475935 6765672 7062258 7364865 7672783 7985395 8302172 8622656 8946447 9273199 9602610 9934415 10268383 10604309 10942012 11281333 11622131 11964279 12307664 
12194277 11847606 11501988 11157521 10814315 10472495 10132200 9793589 9456844 9122171 8789806 8460023 8133133 7809502 7489552 7173774 6862745 6557142 6257758 5965530 5681563 5407157 5143845 4893416 4657950 4439827 4241723 4066566 3917435 3797398 3709279 3655389 3655389 3709279 3797398 3917435 4066566 4241723 4439827 4657950 4893416 5143845 5407157 5681563 5965530 6257758 6557142 6862745 7173774 7489552 7809502 8133133 8460023 8789806 9122171 9456844 9793589 10132200 10472495 10814315 11157521 11501988 11847606 12194277 
12090772 11741045 11392195 11044304 10697467 10351789 10007390 9664408 9322998 8983339 8645639 8310136 7977107 7646876 7319820 6996386 6677099 6362585 6053587 5750994 5455872 5169500 4893416 4629460 4379826 4147100 3934285 3744776 3582273 3450596 3353376 3293668 3293668 3353376 3450596 3582273 3744776 3934285 4147100 4379826 4629460 4893416 5169500 5455872 5750994 6053587 6362585 6677099 6996386 7319820 7646876 7977107 8310136 8645639 8983339 9322998 9664408 10007390 10351789 10697467 11044304 11392195 11741045 12090772 
11997406 11644875 11293054 10942012 10591826 10242583 9894384 9547342 9201590 8857277 8514579 8173698 7834871 7498378 7164547 6833768 6506507 6183321 5864886 5552018 5245713 4947192 4657950 4379826 4115076 3866447 3637248 3431372 3253253 3107666 2999351 2932443 2932443 2999351 3107666 3253253 3431372 3637248 3866447 4115076 4379826 4657950 4947192 5245713 5552018 5864886 6183321 6506507 6833768 7164547 7498378 7834871 8173698 8514579 8857277 9201590 9547342 9894384 10242583 10591826 10942012 11293054 11644875 11997406 
11914416 11559354 11204849 10850953 10497730 10145249 9793589 9442845 9093120 8744537 8397239 8051391 7707190 7364865 7024692 6686999 6352180 6020716 5693193 5370332 5053026 4742391 4439827 4147100 3866447 3600691 3353376 3128879 2932443 2770045 2647956 2571922 2571922 2647956 2770045 2932443 3128879 3353376 3600691 3866447 4147100 4439827 4742391 5053026 5370332 5693193 6020716 6352180 6686999 7024692 7364865 7707190 8051391 8397239 8744537 9093120 9442845 9793589 10145249 10497730 10850953 11204849 11559354 11914416 
11842021 11484722 11127839 10771413 10415493 10060130 9705388 9351335 8998054 8645639 8294201 7943869 7594796 7247165 6901192 6557142 6215332 5876153 5540091 5207746 4879880 4557458 4241723 3934285 3637248 3353376 3086307 2840781 2622856 2439940 2300397 2212451 2212451 2300397 2439940 2622856 2840781 3086307 3353376 3637248 3934285 4241723 4557458 4879880 5207746 5540091 5876153 6215332 6557142 6901192 7247165 7594796 7943869 8294201 8645639 8998054 9351335 9705388 10060130 10415493 10771413 11127839 11484722 11842021 
11780416 11421190 11062257 10703649 10345397 9987541 9630124 9273199 8916823 8561065 8206005 7851739 7498378 7146058 6794940 6445219 6097138 5750994 5407157 5066100 4728422 4394903 4066566 3744776 3431372 3128879 2840781 2571922 2328975 2120861 1958717 1854639 1854639 1958717 2120861 2328975 2571922 2840781 3128879 3431372 3744776 4066566 4394903 4728422 5066100 5407157 5750994 6097138 6445219 6794940 7146058 7498378 7851739 8206005 8561065 8916823 9273199 9630124 9987541 10345397 10703649 11062257 11421190 11780416 
11729772 11368945 11008309 10647884 10287690 9927754 9568105 9208776 8849806 8491240 8133133 7775548 7418559 7062258 6706753 6352180 5998703 5646527 5295913 4947192 4600795 4257289 3917435 3582273 3253253 2932443 2622856 2328975 2057538 1818624 1626626 1499675 1499675 1626626 1818624 2057538 2328975 2622856 2932443 3253253 3582273 3917435 4257289 4600795 4947192 5295913 5646527 5998703 6352180 6706753 7062258 7418559 7775548 8133133 8491240 8849806 9208776 9568105 9927754 10287690 10647884 11008309 11368945 11729772 
11690230 11328144 10966167 10604309 10242583 9881004 9519589 9158356 8797329 8436533 8076001 7715768 7355878 6996386 6637354 6278863 5921010 5563919 5207746 4852694 4499027 4147100 3797398 3450596 3107666 2770045 2439940 2120861 1818624 1543153 1311428 1150198 1150198 1311428 1543153 1818624 2120861 2439940 2770045 3107666 3450596 3797398 4147100 4499027 4852694 5207746 5563919 5921010 6278863 6637354 6996386 7355878 7715768 8076001 8436533 8797329 9158356 9519589 9881004 10242583 10604309 10966167 11328144 11690230 
11661904 11298910 10935965 10573073 10210241 9847475 9484782 9122171 8759653 8397239 8034943 7672783 7310778 6948952 6587336 6225965 5864886 5504154 5143845 4784052 4424903 4066566 3709279 3353376 2999351 2647956 2300397 1958717 1626626 1311428 1028769 813313 813313 1028769 1311428 1626626 1958717 2300397 2647956 2999351 3353376 3709279 4066566 4424903 4784052 5143845 5504154 5864886 6225965 6587336 6948952 7310778 7672783 8034943 8397239 8759653 9122171 9484782 9847475 10210241 10573073 10935965 11298910 11661904 
11644875 11281333 10917804 10554288 10190787 9827302 9463836 9100391 8736969 8373573 8010207 7646876 7283583 6920336 6557142 6194010 5830952 5467982 5105120 4742391 4379826 4017471 3655389 3293668 2932443 2571922 2212451 1854639 1499675 1150198 813313 514384 514384 813313 1150198 1499675 1854639 2212451 2571922 2932443 3293668 3655389 4017471 4379826 4742391 5105120 5467982 5830952 6194010 6557142 6920336 7283583 7646876 8010207 8373573 8736969 9100391 9463836 9827302 10190787 10554288 10917804 11281333 11644875 
11644875 11281333 10917804 10554288 10190787 9827302 9463836 9100391 8736969 8373573 8010207 7646876 7283583 6920336 6557142 6194010 5830952 5467982 5105120 4742391 4379826 4017471 3655389 3293668 2932443 2571922 2212451 1854639 1499675 1150198 813313 514384 514384 813313 1150198 1499675 1854639 2212451 2571922 2932443 3293668 3655389 4017471 4379826 4742391 5105120 5467982 5830952 6194010 6557142 6920336 7283583 7646876 8010207 8373573 8736969 9100391 9463836 9827302 10190787 10554288 10917804 11281333 11644875 
11661904 11298910 10935965 10573073 10210241 9847475 9484782 9122171 8759653 8397239 8034943 7672783 7310778 6948952 6587336 6225965 5864886 5504154 5143845 4784052 4424903 4066566 3709279 3353376 2999351 2647956 2300397 1958717 1626626 1311428 1028769 813313 813313 1028769 1311428 1626626 1958717 2300397 2647956 2999351 3353376 3709279 4066566 4424903 4784052 5143845 5504154 5864886 6225965 6587336 6948952 7310778 7672783 8034943 8397239 8759653 9122171 9484782 9847475 10210241 10573073 10935965 11298910 11661904 
11690230 11328144 10966167 10604309 10242583 9881004 9519589 9158356 8797329 8436533 8076001 7715768 7355878 6996386 6637354 6278863 5921010 5563919 5207746 4852694 4499027 4147100 3797398 3450596 3107666 2770045 2439940 2120861 1818624 1543153 1311428 1150198 1150198 1311428 1543153 1818624 2120861 2439940 2770045 3107666 3450596 3797398 4147100 4499027 4852694 5207746 5563919 5921010 6278863 6637354 6996386 7355878 7715768 8076001 8436533 8797329 9158356 9519589 9881004 10242583 10604309 10966167 11328144 11690230 
11729772 11368945 11008309 10647884 10287690 9927754 9568105 9208776 8849806 8491240 8133133 7775548 7418559 7062258 6706753 6352180 5998703 5646527 5295913 4947192 4600795 4257289 3917435 3582273 3253253 2932443 2622856 2328975 2057538 1818624 1626626 1499675 1499675 1626626 1818624 2057538 2328975 2622856 2932443 3253253 3582273 3917435 4257289 4600795 4947192 5295913 5646527 5998703 6352180 6706753 7062258 7418559 7775548 8133133 8491240 8849806 9208776 9568105 9927754 10287690 10647884 11008309 11368945 11729772 
11780416 11421190 11062257 10703649 10345397 9987541 9630124 9273199 8916823 8561065 8206005 7851739 7498378 7146058 6794940 6445219 6097138 5750994 5407157 5066100 4728422 4394903 4066566 3744776 3431372 3128879 2840781 2571922 2328975 2120861 1958717 1854639 1854639 1958717 2120861 2328975 2571922 2840781 3128879 3431372 3744776 4066566 4394903 4728422 5066100 5407157 5750994 6097138 6445219 6794940 7146058 7498378 7851739 8206005 8561065 8916823 9273199 9630124 9987541 10345397 10703649 11062257 11421190 11780416 
11842021 11484722 11127839 10771413 10415493 10060130 9705388 9351335 8998054 8645639 8294201 7943869 7594796 7247165 6901192 6557142 6215332 5876153 5540091 5207746 4879880 4557458 4241723 3934285 3637248 3353376 3086307 2840781 2622856 2439940 2300397 2212451 2212451 2300397 2439940 2622856 2840781 3086307 3353376 3637248 3934285 4241723 4557458 4879880 5207746 5540091 5876153 6215332 6557142 6901192 7247165 7594796 7943869 8294201 8645639 8998054 9351335 9705388 10060130 10415493 10771413 11127839 11484722 11842021 
11914416 11559354 11204849 10850953 10497730 10145249 9793589 9442845 9093120 8744537 8397239 8051391 7707190 7364865 7024692 6686999 6352180 6020716 5693193 5370332 5053026 4742391 4439827 4147100 3866447 3600691 3353376 3128879 2932443 2770045 2647956 2571922 2571922 2647956 2770045 2932443 3128879 3353376 3600691 3866447 4147100 4439827 4742391 5053026 5370332 5693193 6020716 6352180 6686999 7024692 7364865 7707190 8051391 8397239 8744537 9093120 9442845 9793589 10145249 10497730 10850953 11204849 11559354 11914416 
11997406 11644875 11293054 10942012 10591826 10242583 9894384 9547342 9201590 8857277 8514579 8173698 7834871 7498378 7164547 6833768 6506507 6183321 5864886 5552018 5245713 4947192 4657950 4379826 4115076 3866447 3637248 3431372 3253253 3107666 2999351 2932443 2932443 2999351 3107666 3253253 3431372 3637248 3866447 4115076 4379826 4657950 4947192 5245713 5552018 5864886 6183321 6506507 6833768 7164547 7498378 7834871 8173698 8514579 8857277 9201590 9547342 9894384 10242583 10591826 10942012 11293054 11644875 11997406 
12090772 11741045 11392195 11044304 10697467 10351789 10007390 9664408 9322998 8983339 8645639 8310136 7977107 7646876 7319820 6996386 6677099 6362585 6053587 5750994 5455872 5169500 4893416 4629460 4379826 4147100 3934285 3744776 3582273 3450596 3353376 3293668 3293668 3353376 3450596 3582273 3744776 3934285 4147100 4379826 4629460 4893416 5169500 5455872 5750994 6053587 6362585 6677099 6996386 7319820 7646876 7977107 8310136 8645639 8983339 9322998 9664408 10007390 10351789 10697467 11044304 11392195 11741045 12090772 
12194277 11847606 11501988 11157521 10814315 10472495 10132200 9793589 9456844 9122171 8789806 8460023 8133133 7809502 7489552 7173774 6862745 6557142 6257758 5965530 5681563 5407157 5143845 4893416 4657950 4439827 4241723 4066566 3917435 3797398 3709279 3655389 3655389 3709279 3797398 3917435 4066566 4241723 4439827 4657950 4893416 5143845 5407157 5681563 5965530 6257758 6557142 6862745 7173774 7489552 7809502 8133133 8460023 8789806 9122171 9456844 9793589 10132200 10472495 10814315 11157521 11501988 11847606 12194277 
12307664 11964279 11622131 11281333 10942012 10604309 10268383 9934415 9602610 9273199 8946447 8622656 8302172 7985395 7672783 7364865 7062258 6765672 6475935 6194010 5921010 5658229 5407157 5169500 4947192 4742391 4557458 4394903 4257289 4147100 4066566 4017471 4017471 4066566 4147100 4257289 4394903 4557458 4742391 4947192 5169500 5407157 5658229 5921010 6194010 6475935 6765672 7062258 7364865 7672783 7985395 8302172 8622656 8946447 9273199 9602610 9934415 10268383 10604309 10942012 11281333 11622131 11964279 12307664 
12430664 12090772 11752307 11415397 11080182 10746821 10415493 10086397 9759760 9435837 9114917 8797329 8483447 8173698 7868570 7568622 7274496 6986925 6706753 6434948 6172614 5921010 5681563 5455872 5245713 5053026 4879880 4728422 4600795 4499027 4424903 4379826 4379826 4424903 4499027 4600795 4728422 4879880 5053026 5245713 5455872 5681563 5921010 6172614 6434948 6706753 6986925 7274496 7568622 7868570 8173698 8483447 8797329 9114917 9435837 9759760 10086397 10415493 10746821 11080182 11415397 11752307 12090772 12430664 
12562993 12226781 11892188 11559354 11228438 10899613 10573073 10249039 9927754 9609496 9294574 8983339 8676189 8373573 8076001 7784050 7498378 7219731 6948952 6686999 6434948 6194010 5965530 5750994 5552018 5370332 5207746 5066100 4947192 4852694 4784052 4742391 4742391 4784052 4852694 4947192 5066100 5207746 5370332 5552018 5750994 5965530 6194010 6434948 6686999 6948952 7219731 7498378 7784050 8076001 8373573 8676189 8983339 9294574 9609496 9927754 10249039 10573073 10899613 11228438 11559354 11892188 12226781 12562993 
12704361 12371990 12041433 11712842 11386387 11062257 10740664 10421842 10106052 9793589 9484782 9179998 8879654 8584213 8294201 8010207 7732895 7463008 7201383 6948952 6706753 6475935 6257758 6053587 5864886 5693193 5540091 5407157 5295913 5207746 5143845 5105120 5105120 5143845 5207746 5295913 5407157 5540091 5693193 5864886 6053587 6257758 6475935 6706753 6948952 7201383 7463008 7732895 8010207 8294201 8584213 8879654 9179998 9484782 9793589 10106052 10421842 10740664 11062257 11386387 11712842 12041433 12371990 12704361 
12854468 12526082 12199700 11875489 11553631 11234328 10917804 10604309 10294118 9987541 9684919 9386637 9093120 8804845 8522344 8246211 7977107 7715768 7463008 7219731 6986925 6765672 6557142 6362585 6183321 6020716 5876153 5750994 5646527 5563919 5504154 5467982 5467982 5504154 5563919 5646527 5750994 5876153 6020716 6183321 6362585 6557142 6765672 6986925 7219731 7463008 7715768 7977107 8246211 8522344 8804845 9093120 9386637 9684919 9987541 10294118 10604309 10917804 11234328 11553631 11875489 12199700 12526082 12854468 
13013014 12688731 12366643 12046925 11729772 11415397 11104036 10795950 10491427 10190787 9894384 9602610 9315900 9034736 8759653 8491240 8230152 7977107 7732895 7498378 7274496 7062258 6862745 6677099 6506507 6352180 6215332 6097138 5998703 5921010 5864886 5830952 5830952 5864886 5921010 5998703 6097138 6215332 6352180 6506507 6677099 6862745 7062258 7274496 7498378 7732895 7977107 8230152 8491240 8759653 9034736 9315900 9602610 9894384 10190787 10491427 10795950 11104036 11415397 11729772 12046925 12366643 12688731 13013014 
13179692 12859613 12541914 12226781 11914416 11605044 11298910 10996285 10697467 10402783 10112596 9827302 9547342 9273199 9005402 8744537 8491240 8246211 8010207 7784050 7568622 7364865 7173774 6996386 6833768 6686999 6557142 6445219 6352180 6278863 6225965 6194010 6194010 6225965 6278863 6352180 6445219 6557142 6686999 6833768 6996386 7173774 7364865 7568622 7784050 8010207 8246211 8491240 8744537 9005402 9273199 9547342 9827302 10112596 10402783 10697467 10996285 11298910 11605044 11914416 12226781 12541914 12859613 13179692 
13354199 13038405 12725170 12414689 12107174 11802855 11501988 11204849 10911744 10623006 10339001 10060130 9786833 9519589 9258921 9005402 8759653 8522344 8294201 8076001 7868570 7672783 7489552 7319820 7164547 7024692 6901192 6794940 6706753 6637354 6587336 6557142 6557142 6587336 6637354 6706753 6794940 6901192 7024692 7164547 7319820 7489552 7672783 7868570 8076001 8294201 8522344 8759653 9005402 9258921 9519589 9786833 10060130 10339001 10623006 10911744 11204849 11501988 11802855 12107174 12414689 12725170 13038405 13354199 
13536232 13224785 12916071 12610292 12307664 12008428 11712842 11421190 11133781 10850953 10573073 10300542 10033795 9773306 9519589 9273199 9034736 8804845 8584213 8373573 8173698 7985395 7809502 7646876 7498378 7364865 7247165 7146058 7062258 6996386 6948952 6920336 6920336 6948952 6996386 7062258 7146058 7247165 7364865 7498378 7646876 7809502 7985395 8173698 8373573 8584213 8804845 9034736 9273199 9519589 9773306 10033795 10300542 10573073 10850953 11133781 11421190 11712842 12008428 12307664 12610292 12916071 13224785 13536232 
13725491 13418438 13114284 12813235 12515516 12221369 11931060 11644875 11363126 11086150 10814315 10548019 10287690 10033795 9786833 9547342 9315900 9093120 8879654 8676189 8483447 8302172 8133133 7977107 7834871 7707190 7594796 7498378 7418559 7355878 7310778 7283583 7283583 7310778 7355878 7418559 7498378 7594796 7707190 7834871 7977107 8133133 8302172 8483447 8676189 8879654 9093120 9315900 9547342 9786833 10033795 10287690 10548019 10814315 11086150 11363126 11644875 11931060 12221369 12515516 12813235 13114284 13418438 13725491 
13921682 13619053 13319481 13023176 12730368 12441302 12156246 11875489 11599342 11328144 11062257 10802075 10548019 10300542 10060130 9827302 9602610 9386637 9179998 8983339 8797329 8622656 8460023 8310136 8173698 8051391 7943869 7851739 7775548 7715768 7672783 7646876 7646876 7672783 7715768 7775548 7851739 7943869 8051391 8173698 8310136 8460023 8622656 8797329 8983339 9179998 9386637 9602610 9827302 10060130 10300542 10548019 10802075 11062257 11328144 11599342 11875489 12156246 12441302 12730368 13023176 13319481 13619053 13921682 
14124516 13826327 13531344 13239782 12951871 12667861 12388020 12112636 11842021 11576509 11316459 11062257 10814315 10573073 10339001 10112596 9894384 9684919 9484782 9294574 9114917 8946447 8789806 8645639 8514579 8397239 8294201 8206005 8133133 8076001 8034943 8010207 8010207 8034943 8076001 8133133 8206005 8294201 8397239 8514579 8645639 8789806 8946447 9114917 9294574 9484782 9684919 9894384 10112596 10339001 10573073 10814315 11062257 11316459 11576509 11842021 12112636 12388020 12667861 12951871 13239782 13531344 13826327 14124516 
14333710 14039965 13749567 13462731 13179692 12900698 12626018 12355940 12090772 11830844 11576509 11328144 11086150 10850953 10623006 10402783 10190787 9987541 9793589 9609496 9435837 9273199 9122171 8983339 8857277 8744537 8645639 8561065 8491240 8436533 8397239 8373573 8373573 8397239 8436533 8491240 8561065 8645639 8744537 8857277 8983339 9122171 9273199 9435837 9609496 9793589 9987541 10190787 10402783 10623006 10850953 11086150 11328144 11576509 11830844 12090772 12355940 12626018 12900698 13179692 13462731 13749567 14039965 14333710 
14548992 14259682 13973850 13691714 13413507 13139479 12869897 12605045 12345229 12090772 11842021 11599342 11363126 11133781 10911744 10697467 10491427 10294118 10106052 9927754 9759760 9602610 9456844 9322998 9201590 9093120 8998054 8916823 8849806 8797329 8759653 8736969 8736969 8759653 8797329 8849806 8916823 8998054 9093120 9201590 9322998 9456844 9602610 9759760 9927754 10106052 10294118 10491427 10697467 10911744 11133781 11363126 11599342 11842021 12090772 12345229 12605045 12869897 13139479 13413507 13691714 13973850 14259682 14548992 
14770093 14485200 14203907 13926433 13653010 13383886 13119327 12859613 12605045 12355940 12112636 11875489 11644875 11421190 11204849 10996285 10795950 10604309 10421842 10249039 10086397 9934415 9793589 9664408 9547342 9442845 9351335 9273199 9208776 9158356 9122171 9100391 9100391 9122171 9158356 9208776 9273199 9351335 9442845 9547342 9664408 9793589 9934415 10086397 10249039 10421842 10604309 10795950 10996285 11204849 11421190 11644875 11875489 12112636 12355940 12605045 12859613 13119327 13383886 13653010 13926433 14203907 14485200 14770093 
14996757 14716253 14439462 14166602 13897905 13633616 13373998 13119327 12869897 12626018 12388020 12156246 11931060 11712842 11501988 11298910 11104036 10917804 10740664 10573073 10415493 10268383 10132200 10007390 9894384 9793589 9705388 9630124 9568105 9519589 9484782 9463836 9463836 9484782 9519589 9568105 9630124 9705388 9793589 9894384 10007390 10132200 10268383 10415493 10573073 10740664 10917804 11104036 11298910 11501988 11712842 11931060 12156246 12388020 12626018 12869897 13119327 13373998 13633616 13897905 14166602 14439462 14716253 14996757 
15228736 14952584 14680250 14411949 14147912 13888382 13633616 13383886 13139479 12900698 12667861 12441302 12221369 12008428 11802855 11605044 11415397 11234328 11062257 10899613 10746821 10604309 10472495 10351789 10242583 10145249 10060130 9987541 9927754 9881004 9847475 9827302 9827302 9847475 9881004 9927754 9987541 10060130 10145249 10242583 10351789 10472495 10604309 10746821 10899613 11062257 11234328 11415397 11605044 11802855 12008428 12221369 12441302 12667861 12900698 13139479 13383886 13633616 13888382 14147912 14411949 14680250 14952584 15228736 
15465790 15193947 14926017 14662215 14402767 14147912 13897905 13653010 13413507 13179692 12951871 12730368 12515516 12307664 12107174 11914416 11729772 11553631 11386387 11228438 11080182 10942012 10814315 10697467 10591826 10497730 10415493 10345397 10287690 10242583 10210241 10190787 10190787 10210241 10242583 10287690 10345397 10415493 10497730 10591826 10697467 10814315 10942012 11080182 11228438 11386387 11553631 11729772 11914416 12107174 12307664 12515516 12730368 12951871 13179692 13413507 13653010 13897905 14147912 14402767 14662215 14926017 15193947 15465790 
15707690 15440107 15176523 14917151 14662215 14411949 14166602 13926433 13691714 13462731 13239782 13023176 12813235 12610292 12414689 12226781 12046925 11875489 11712842 11559354 11415397 11281333 11157521 11044304 10942012 10850953 10771413 10703649 10647884 10604309 10573073 10554288 10554288 10573073 10604309 10647884 10703649 10771413 10850953 10942012 11044304 11157521 11281333 11415397 11559354 11712842 11875489 12046925 12226781 12414689 12610292 12813235 13023176 13239782 13462731 13691714 13926433 14166602 14411949 14662215 14917151 15176523 15440107 15707690 
15954215 15690836 15431536 15176523 14926017 14680250 14439462 14203907 13973850 13749567 13531344 13319481 13114284 12916071 12725170 12541914 12366643 12199700 12041433 11892188 11752307 11622131 11501988 11392195 11293054 11204849 11127839 11062257 11008309 10966167 10935965 10917804 10917804 10935965 10966167 11008309 11062257 11127839 11204849 11293054 11392195 11501988 11622131 11752307 11892188 12041433 12199700 12366643 12541914 12725170 12916071 13114284 13319481 13531344 13749567 13973850 14203907 14439462 14680250 14926017 15176523 15431536 15690836 15954215 
16205154 15945920 15690836 15440107 15193947 14952584 14716253 14485200 14259682 14039965 13826327 13619053 13418438 13224785 13038405 12859613 12688731 12526082 12371990 12226781 12090772 11964279 11847606 11741045 11644875 11559354 11484722 11421190 11368945 11328144 11298910 11281333 11281333 11298910 11328144 11368945 11421190 11484722 11559354 11644875 11741045 11847606 11964279 12090772 12226781 12371990 12526082 12688731 12859613 13038405 13224785 13418438 13619053 13826327 14039965 14259682 14485200 14716253 14952584 15193947 15440107 15690836 15945920 16205154 
16460305 16205154 15954215 15707690 15465790 15228736 14996757 14770093 14548992 14333710 14124516 13921682 13725491 13536232 13354199 13179692 13013014 12854468 12704361 12562993 12430664 12307664 12194277 12090772 11997406 11914416 11842021 11780416 11729772 11690230 11661904 11644875 11644875 11661904 11690230 11729772 11780416 11842021 11914416 11997406 12090772 12194277 12307664 12430664 12562993 12704361 12854468 13013014 13179692 13354199 13536232 13725491 13921682 14124516 14333710 14548992 14770093 14996757 15228736 15465790 15707690 15954215 16205154 16460305 
